"Altersgruppe";"männlich";"weiblich";"divers";"unbekannt";"Todesfälle insgesamt"
"0-9";0;0;0;0;0
"'10-19";1;0;0;0;1
"20-29";3;2;0;0;5
"30-39";3;2;0;0;5
"40-49";11;4;0;0;15
"50-59";68;29;0;0;97
"60-69";186;75;0;0;261
"70-79";437;242;0;0;679
"80-89";565;589;0;0;1154
"90-99";130;271;0;0;401
"100+";0;7;0;0;7
"Unbekannt";0;0;0;0;0
"Gesamt";1404;1221;0;0;2625
