"Altersgruppe";"männlich";"weiblich";"divers";"unbekannt";"Todesfälle insgesamt"
"0-9";0;1;0;0;1
"'10-19";1;0;0;0;1
"20-29";4;3;0;0;7
"30-39";4;3;0;0;7
"40-49";21;7;0;0;28
"50-59";112;48;0;0;160
"60-69";332;132;0;1;465
"70-79";834;508;0;3;1345
"80-89";1206;1321;0;4;2531
"90-99";332;670;0;5;1007
"100+";1;18;0;0;19
"Unbekannt";1;0;0;0;1
"Gesamt";2848;2711;0;13;5572
