"Altersgruppe";"männlich";"weiblich";"divers";"unbekannt";"Todesfälle insgesamt"
"0-9";0;0;0;0;0
"'10-19";1;0;0;0;1
"20-29";2;2;0;0;4
"30-39";1;1;0;0;2
"40-49";7;4;0;0;11
"50-59";51;19;0;0;70
"60-69";138;51;0;0;189
"70-79";327;177;0;2;506
"80-89";422;446;0;0;868
"90-99";99;175;0;0;274
"100+";0;4;0;0;4
"Unbekannt";1;3;0;0;4
"Gesamt";1049;882;0;2;1933
