"Altersgruppe";"männlich";"weiblich";"divers";"unbekannt";"Todesfälle insgesamt"
"0-9";0;0;0;0;0
"'10-19";1;0;0;0;1
"20-29";3;2;0;0;5
"30-39";3;2;0;0;5
"40-49";12;4;0;0;16
"50-59";58;24;0;0;82
"60-69";184;70;0;0;254
"70-79";409;229;0;1;639
"80-89";539;570;0;0;1109
"90-99";124;251;0;0;375
"100+";0;8;0;0;8
"Unbekannt";0;0;0;0;0
"Gesamt";1333;1160;0;1;2494
