"Altersgruppe";"männlich";"weiblich";"divers";"unbekannt";"Todesfälle insgesamt"
"0-9";0;0;0;0;0
"'10-19";1;0;0;0;1
"20-29";3;2;0;0;5
"30-39";3;2;0;0;5
"40-49";14;5;0;0;19
"50-59";71;29;0;0;100
"60-69";194;79;0;1;274
"70-79";459;256;0;0;715
"80-89";603;614;0;0;1217
"90-99";138;288;0;0;426
"100+";0;8;0;0;8
"Unbekannt";0;0;0;0;0
"Gesamt";1486;1283;0;1;2770
