"Altersgruppe";"männlich";"weiblich";"divers";"unbekannt";"Todesfälle insgesamt"
"0-9";0;0;0;0;0
"'10-19";1;0;0;0;1
"20-29";3;2;0;0;5
"30-39";3;2;0;0;5
"40-49";12;4;0;0;16
"50-59";55;25;0;0;80
"60-69";184;69;0;0;253
"70-79";406;230;0;1;637
"80-89";539;564;0;0;1103
"90-99";124;247;0;0;371
"100+";0;8;0;0;8
"Unbekannt";0;0;0;0;0
"Gesamt";1327;1151;0;1;2479
