"Altersgruppe";"männlich";"weiblich";"divers";"unbekannt";"Todesfälle insgesamt"
"0-9";0;1;0;0;1
"'10-19";1;0;0;0;1
"20-29";4;3;0;0;7
"30-39";6;3;0;0;9
"40-49";23;8;0;0;31
"50-59";116;50;0;0;166
"60-69";355;141;0;1;497
"70-79";890;550;0;3;1443
"80-89";1338;1447;0;6;2791
"90-99";363;736;0;6;1105
"100+";1;19;0;0;20
"Unbekannt";1;0;0;0;1
"Gesamt";3098;2958;0;16;6072
