"Altersgruppe";"männlich";"weiblich";"divers";"unbekannt";"Todesfälle insgesamt"
"0-9";0;0;0;0;0
"'10-19";1;0;0;0;1
"20-29";3;2;0;0;5
"30-39";2;2;0;0;4
"40-49";12;4;0;0;16
"50-59";55;24;0;0;79
"60-69";185;70;0;0;255
"70-79";398;228;0;1;627
"80-89";535;561;0;0;1096
"90-99";123;246;0;0;369
"100+";0;8;0;0;8
"Unbekannt";0;0;0;0;0
"Gesamt";1314;1145;0;1;2460
