"Altersgruppe";"männlich";"weiblich";"divers";"unbekannt";"Todesfälle insgesamt"
"0-9";0;0;0;0;0
"'10-19";0;0;0;0;0
"20-29";1;1;0;0;2
"30-39";1;1;0;0;2
"40-49";6;1;0;0;7
"50-59";14;6;0;0;20
"60-69";36;15;0;0;51
"70-79";110;53;0;0;163
"80-89";136;126;0;1;263
"90-99";37;43;0;0;80
"100+";0;1;0;0;1
"Unbekannt";0;0;0;0;0
"Gesamt";341;247;0;1;589
