"Altersgruppe";"männlich";"weiblich";"divers";"unbekannt";"Todesfälle insgesamt"
"0-9";0;0;0;0;0
"'10-19";1;0;0;0;1
"20-29";3;2;0;0;5
"30-39";3;2;0;0;5
"40-49";13;5;0;0;18
"50-59";71;30;0;0;101
"60-69";194;78;0;1;273
"70-79";454;254;0;0;708
"80-89";596;605;0;0;1201
"90-99";136;284;0;0;420
"100+";0;7;0;0;7
"Unbekannt";0;0;0;0;0
"Gesamt";1471;1267;0;1;2739
