"Altersgruppe";"männlich";"weiblich";"divers";"unbekannt";"Todesfälle insgesamt"
"0-9";0;0;0;0;0
"'10-19";1;0;0;0;1
"20-29";3;2;0;0;5
"30-39";2;2;0;0;4
"40-49";12;4;0;0;16
"50-59";55;24;0;0;79
"60-69";186;68;0;0;254
"70-79";397;227;0;1;625
"80-89";533;561;0;0;1094
"90-99";122;246;0;0;368
"100+";0;8;0;0;8
"Unbekannt";0;0;0;0;0
"Gesamt";1311;1142;0;1;2454
