"Altersgruppe";"männlich";"weiblich";"divers";"unbekannt";"Todesfälle insgesamt"
"0-9";0;0;0;0;0
"'10-19";0;0;0;0;0
"20-29";2;1;0;0;3
"30-39";0;0;0;0;0
"40-49";6;1;0;0;7
"50-59";26;9;0;0;35
"60-69";86;29;0;0;115
"70-79";206;104;0;0;310
"80-89";268;267;0;0;535
"90-99";57;101;0;0;158
"100+";0;1;0;0;1
"Unbekannt";0;0;0;0;0
"Gesamt";651;513;0;0;1164
