"Altersgruppe";"männlich";"weiblich";"divers";"unbekannt";"Todesfälle insgesamt"
"0-9";0;1;0;0;1
"'10-19";1;0;0;0;1
"20-29";7;4;0;0;11
"30-39";9;6;0;0;15
"40-49";43;17;0;0;60
"50-59";287;103;0;0;390
"60-69";700;311;0;5;1016
"70-79";1812;1083;1;14;2910
"80-89";2800;3129;2;42;5973
"90-99";774;1684;1;26;2485
"100+";6;39;0;0;45
"Unbekannt";0;1;0;0;1
"Gesamt";6439;6378;4;87;12908
