"Altersgruppe";"männlich";"weiblich";"divers";"unbekannt";"Todesfälle insgesamt"
"0-9";0;2;0;0;2
"'10-19";1;0;0;0;1
"20-29";7;4;0;0;11
"30-39";12;8;0;0;20
"40-49";48;22;0;0;70
"50-59";319;115;0;0;434
"60-69";762;338;0;5;1105
"70-79";1929;1146;1;14;3090
"80-89";2927;3253;2;41;6223
"90-99";807;1720;1;27;2555
"100+";6;42;0;0;48
"Unbekannt";0;2;0;0;2
"Gesamt";6818;6652;4;87;13561
