"Altersgruppe";"männlich";"weiblich";"divers";"unbekannt";"Todesfälle insgesamt"
"0-9";0;1;0;0;1
"'10-19";1;0;0;0;1
"20-29";6;4;0;0;10
"30-39";9;4;0;0;13
"40-49";37;14;0;0;51
"50-59";244;92;0;0;336
"60-69";629;276;0;4;909
"70-79";1616;964;1;11;2592
"80-89";2535;2871;2;35;5443
"90-99";717;1532;1;23;2273
"100+";5;36;0;0;41
"Unbekannt";1;2;0;0;3
"Gesamt";5800;5796;4;73;11673
