"Altersgruppe";"männlich";"weiblich";"divers";"unbekannt";"Todesfälle insgesamt"
"0-9";0;2;0;0;2
"'10-19";1;1;0;0;2
"20-29";10;4;0;0;14
"30-39";20;9;0;0;29
"40-49";64;30;0;0;94
"50-59";392;151;0;1;544
"60-69";894;407;0;9;1310
"70-79";2176;1310;1;16;3503
"80-89";3154;3481;2;42;6679
"90-99";853;1825;1;29;2708
"100+";6;43;0;0;49
"Unbekannt";0;1;0;0;1
"Gesamt";7570;7264;4;97;14935
