"Altersgruppe";"männlich";"weiblich";"divers";"unbekannt";"Todesfälle insgesamt"
"0-9";1;1;0;0;2
"'10-19";1;0;0;0;1
"20-29";4;3;0;0;7
"30-39";6;3;0;0;9
"40-49";24;8;0;0;32
"50-59";140;55;0;0;195
"60-69";382;162;0;1;545
"70-79";1006;599;0;3;1608
"80-89";1512;1638;1;7;3158
"90-99";406;825;0;6;1237
"100+";1;20;0;0;21
"Unbekannt";1;0;0;0;1
"Gesamt";3484;3314;1;17;6816
