"Altersgruppe";"männlich";"weiblich";"divers";"unbekannt";"Todesfälle insgesamt"
"0-9";0;1;0;0;1
"'10-19";1;0;0;0;1
"20-29";5;4;0;0;9
"30-39";9;4;0;0;13
"40-49";35;14;0;0;49
"50-59";230;88;0;0;318
"60-69";596;258;0;3;857
"70-79";1549;915;1;11;2476
"80-89";2423;2725;2;30;5180
"90-99";691;1458;1;22;2172
"100+";4;34;0;0;38
"Unbekannt";1;1;0;0;2
"Gesamt";5544;5502;4;66;11116
