"Altersgruppe";"männlich";"weiblich";"divers";"unbekannt";"Todesfälle insgesamt"
"0-9";1;1;0;0;2
"'10-19";1;0;0;0;1
"20-29";6;3;0;0;9
"30-39";10;4;0;0;14
"40-49";28;12;0;0;40
"50-59";195;75;0;0;270
"60-69";496;222;0;1;719
"70-79";1323;774;1;10;2108
"80-89";2034;2265;2;25;4326
"90-99";565;1184;1;12;1762
"100+";3;27;0;0;30
"Unbekannt";1;1;0;0;2
"Gesamt";4663;4568;4;48;9283
