"Altersgruppe";"männlich";"weiblich";"divers";"unbekannt";"Todesfälle insgesamt"
"0-9";0;1;0;0;1
"'10-19";2;0;0;0;2
"20-29";5;4;0;0;9
"30-39";9;4;0;0;13
"40-49";29;14;0;0;43
"50-59";191;76;0;0;267
"60-69";492;220;0;1;713
"70-79";1309;761;1;9;2080
"80-89";1995;2225;2;24;4246
"90-99";554;1168;1;12;1735
"100+";3;26;0;0;29
"Unbekannt";1;1;0;0;2
"Gesamt";4590;4500;4;46;9140
