"Altersgruppe";"männlich";"weiblich";"divers";"unbekannt";"Todesfälle insgesamt"
"0-9";0;1;0;0;1
"'10-19";1;0;0;0;1
"20-29";5;3;0;0;8
"30-39";8;3;0;0;11
"40-49";28;11;0;0;39
"50-59";188;72;0;0;260
"60-69";488;217;0;1;706
"70-79";1284;747;1;7;2039
"80-89";1963;2189;2;24;4178
"90-99";543;1152;1;10;1706
"100+";2;25;0;0;27
"Unbekannt";2;0;0;0;2
"Gesamt";4512;4420;4;42;8978
