"Altersgruppe";"männlich";"weiblich";"divers";"unbekannt";"Todesfälle insgesamt"
"0-9";0;2;0;0;2
"'10-19";2;0;0;0;2
"20-29";7;4;0;0;11
"30-39";12;8;0;0;20
"40-49";47;21;0;0;68
"50-59";315;112;0;0;427
"60-69";757;338;0;5;1100
"70-79";1909;1136;1;14;3060
"80-89";2913;3240;2;41;6196
"90-99";804;1716;1;27;2548
"100+";6;40;0;0;46
"Unbekannt";0;2;0;0;2
"Gesamt";6772;6619;4;87;13482
