"Altersgruppe";"männlich";"weiblich";"divers";"unbekannt";"Todesfälle insgesamt"
"0-9";0;1;0;0;1
"'10-19";1;0;0;0;1
"20-29";4;3;0;0;7
"30-39";7;3;0;0;10
"40-49";24;8;0;0;32
"50-59";147;57;0;0;204
"60-69";399;170;0;1;570
"70-79";1060;629;0;3;1692
"80-89";1588;1743;1;9;3341
"90-99";430;881;0;6;1317
"100+";1;20;0;0;21
"Unbekannt";1;0;0;0;1
"Gesamt";3662;3515;1;19;7197
