"Altersgruppe";"männlich";"weiblich";"divers";"unbekannt";"Todesfälle insgesamt"
"0-9";0;2;0;0;2
"'10-19";1;1;0;0;2
"20-29";10;4;0;0;14
"30-39";20;9;0;0;29
"40-49";65;30;0;0;95
"50-59";394;151;0;1;546
"60-69";896;409;0;9;1314
"70-79";2178;1315;1;16;3510
"80-89";3156;3482;2;42;6682
"90-99";853;1825;1;29;2708
"100+";6;43;0;0;49
"Unbekannt";0;1;0;0;1
"Gesamt";7579;7272;4;97;14952
