"Altersgruppe";"männlich";"weiblich";"divers";"unbekannt";"Todesfälle insgesamt"
"0-9";0;1;0;0;1
"'10-19";1;0;0;0;1
"20-29";6;4;0;0;10
"30-39";10;4;0;0;14
"40-49";41;15;0;0;56
"50-59";264;99;0;0;363
"60-69";667;291;0;4;962
"70-79";1723;1038;1;13;2775
"80-89";2677;3026;2;38;5743
"90-99";748;1633;1;24;2406
"100+";6;38;0;0;44
"Unbekannt";0;1;0;0;1
"Gesamt";6143;6150;4;79;12376
