"Altersgruppe";"männlich";"weiblich";"divers";"unbekannt";"Gesamt"
"0-9";22063;20493;2;819;43377
"'10-19";35171;33758;6;960;69895
"20-29";55742;50817;4;1559;108122
"30-39";48266;45229;9;1441;94945
"40-49";45138;47392;4;1303;93837
"50-59";52706;51459;6;1048;105219
"60-69";26733;24962;2;454;52151
"70-79";16429;17611;6;281;34327
"80-89";11656;20737;17;314;32724
"90-99";2146;7331;5;100;9582
"100+";25;152;0;4;181
"Unbekannt";26;25;0;9;60
"Gesamt";316101;319966;61;8292;644420
