"Altersgruppe";"männlich";"weiblich";"divers";"unbekannt";"Todesfälle insgesamt"
"0-9";0;3;0;0;3
"'10-19";1;1;0;0;2
"20-29";10;4;0;0;14
"30-39";23;11;0;0;34
"40-49";71;36;0;0;107
"50-59";413;159;0;1;573
"60-69";940;430;0;9;1379
"70-79";2230;1348;1;15;3594
"80-89";3211;3536;1;36;6784
"90-99";862;1858;1;23;2744
"100+";6;44;0;0;50
"Unbekannt";0;0;0;0;0
"Gesamt";7767;7430;3;84;15284
