"Altersgruppe";"männlich";"weiblich";"divers";"unbekannt";"Todesfälle insgesamt"
"0-9";0;3;0;0;3
"'10-19";1;1;0;0;2
"20-29";10;4;0;0;14
"30-39";23;11;0;0;34
"40-49";71;36;0;0;107
"50-59";413;160;0;1;574
"60-69";941;430;0;9;1380
"70-79";2231;1348;1;15;3595
"80-89";3211;3538;1;36;6786
"90-99";862;1858;1;23;2744
"100+";6;44;0;0;50
"Unbekannt";0;0;0;0;0
"Gesamt";7769;7433;3;84;15289
