"Altersgruppe";"männlich";"weiblich";"divers";"unbekannt";"Todesfälle insgesamt"
"0-9";0;2;0;0;2
"'10-19";1;0;0;0;1
"20-29";9;4;0;0;13
"30-39";18;9;0;0;27
"40-49";59;26;0;0;85
"50-59";368;134;0;1;503
"60-69";844;383;0;6;1233
"70-79";2094;1257;1;16;3368
"80-89";3086;3401;2;43;6532
"90-99";837;1794;1;28;2660
"100+";6;41;0;0;47
"Unbekannt";0;1;0;0;1
"Gesamt";7322;7052;4;94;14472
